$ANSIBLE_VAULT;1.1;AES256
33333366623437633465336635363763636266386162363532343466636233653237636530666438
3262343765373839353835346263643535646539633764390a326633363339386664366163656539
38396331343733316330393661363430303465343364333630343532333630613766643839626461
3462613566613262300a343434396563663762633532366531646433616139373132333239656230
36646561336439326639643734643563343730663164343038623132353836646338383762316566
65373464383435653663346662353466373830613837383337356365643331663736646165656530
65323265393336643834353362653039663263396361623937366665373736363536613935633161
30323733656236653439376537616432353336646536326162303163326633343264653139346230
63623432316134346139313337346264653961383732333064343934653232383634386539643139
33636439383164633066333238643165363133346430306462363565343833376538656631333361
66306464646366323136623261323535373131316362303530616634656136303666663361353531
62613061393231643736363064366337376464623437633638656263343331333665313933393561
39393031613930306136396163323633396631636539646331613633623562653165333631633730
33646632616633376332643366633038346436313964306334616632363564306237313635656265
64643032636265653861363964626231333230393966633864373938396338336161303032616535
31613939353336653764613733363530353666363465613232396462646565646464623166623262
64666365653962373034356466393436633537333566613538316431303737613130383530386464
30646166653831613830383038313364336663316463623761316137613330653836666538626361
38366463363935636163393265666439356263623865313366626161643132306566323863306236
63626562656132316461363432363831366333613830366237613438343737353738656130363663
62616130376161633836613563386538646264326462346536653733663063383461646466636635
38633063373366303561653764303332363634346165353930366538316362303836383462623332
31336665376231376631623135376134343866313365313435663163363866663765663266363064
32306233366134663963336633643536326330336664313939333237653636343963363932366237
38383435343635633630663239373666366466343132626434306231313364646432383761633161
37643737333061613665646263383130383739666366623762363165306230613765316164663539
63306265323061636432386261303532353166333634326337653837393766646133313837323666
31343964366264383634
